{"0": 0.0016666666666666668, "1": 0.006666666666666667, "2": 0.016666666666666666, "3": 0.03666666666666667, "4": 0.07666666666666666, "5": 0.155, "6": 0.29833333333333334, "7": 0.515, "8": 0.775, "9": 0.9583333333333334, "10": 0.995, "11": 1.0, "12": 1.0}
{"0": 0.0016666666666666668, "1": 0.006666666666666667, "2": 0.016666666666666666, "3": 0.03666666666666667, "4": 0.07333333333333333, "5": 0.14333333333333334, "6": 0.2683333333333333, "7": 0.4633333333333333, "8": 0.6916666666666667, "9": 0.8916666666666667, "10": 0.985, "11": 0.9983333333333333, "12": 0.9983333333333333}
{"0": 0.0016666666666666668, "1": 0.006666666666666667, "2": 0.016666666666666666, "3": 0.03666666666666667, "4": 0.075, "5": 0.14666666666666667, "6": 0.27666666666666667, "7": 0.4816666666666667, "8": 0.73, "9": 0.93, "10": 0.9933333333333333, "11": 0.9983333333333333, "12": 0.9983333333333333}
{"0": 0.0016666666666666668, "1": 0.006666666666666667, "2": 0.016666666666666666, "3": 0.03333333333333333, "4": 0.065, "5": 0.12333333333333334, "6": 0.22833333333333333, "7": 0.38666666666666666, "8": 0.62, "9": 0.8666666666666667, "10": 0.9916666666666667, "11": 0.9966666666666667, "12": 0.9966666666666667}
{"0": 0.0016666666666666668, "1": 0.006666666666666667, "2": 0.016666666666666666, "3": 0.03666666666666667, "4": 0.07666666666666666, "5": 0.15, "6": 0.27, "7": 0.4683333333333333, "8": 0.7083333333333334, "9": 0.8933333333333333, "10": 0.99, "11": 0.9966666666666667, "12": 0.9966666666666667}
{"0": 0.0016666666666666668, "1": 0.006666666666666667, "2": 0.016666666666666666, "3": 0.03666666666666667, "4": 0.07666666666666666, "5": 0.155, "6": 0.29333333333333333, "7": 0.51, "8": 0.7683333333333333, "9": 0.9366666666666666, "10": 0.9883333333333333, "11": 0.9966666666666667, "12": 0.9966666666666667}
{"0": 0.0016666666666666668, "1": 0.006666666666666667, "2": 0.016666666666666666, "3": 0.03666666666666667, "4": 0.07666666666666666, "5": 0.15, "6": 0.2783333333333333, "7": 0.4766666666666667, "8": 0.7383333333333333, "9": 0.9333333333333333, "10": 0.9916666666666667, "11": 0.9966666666666667, "12": 0.9966666666666667}
{"0": 0.0016666666666666668, "1": 0.006666666666666667, "2": 0.016666666666666666, "3": 0.035, "4": 0.07, "5": 0.13333333333333333, "6": 0.24, "7": 0.4066666666666667, "8": 0.6433333333333333, "9": 0.86, "10": 0.9783333333333334, "11": 0.9933333333333333, "12": 0.9933333333333333}
{"0": 0.0016666666666666668, "1": 0.006666666666666667, "2": 0.016666666666666666, "3": 0.03666666666666667, "4": 0.07666666666666666, "5": 0.15666666666666668, "6": 0.3016666666666667, "7": 0.49666666666666665, "8": 0.705, "9": 0.8866666666666667, "10": 0.98, "11": 0.9883333333333333, "12": 0.99, "13": 0.99}
{"0": 0.0016666666666666668, "1": 0.006666666666666667, "2": 0.016666666666666666, "3": 0.03666666666666667, "4": 0.07666666666666666, "5": 0.15, "6": 0.2833333333333333, "7": 0.49166666666666664, "8": 0.73, "9": 0.925, "10": 0.985, "11": 0.99, "12": 0.99}
{"0": 0.0016666666666666668, "1": 0.006666666666666667, "2": 0.016666666666666666, "3": 0.035, "4": 0.07, "5": 0.13666666666666666, "6": 0.26166666666666666, "7": 0.4583333333333333, "8": 0.695, "9": 0.8866666666666667, "10": 0.9783333333333334, "11": 0.99, "12": 0.99}
{"0": 0.0016666666666666668, "1": 0.006666666666666667, "2": 0.016666666666666666, "3": 0.03666666666666667, "4": 0.07666666666666666, "5": 0.15, "6": 0.2816666666666667, "7": 0.48833333333333334, "8": 0.7233333333333334, "9": 0.92, "10": 0.9833333333333333, "11": 0.99, "12": 0.99}
{"0": 0.0016666666666666668, "1": 0.006666666666666667, "2": 0.016666666666666666, "3": 0.035, "4": 0.07166666666666667, "5": 0.14, "6": 0.25833333333333336, "7": 0.45666666666666667, "8": 0.695, "9": 0.8816666666666667, "10": 0.9733333333333334, "11": 0.99, "12": 0.99}
{"0": 0.0016666666666666668, "1": 0.006666666666666667, "2": 0.016666666666666666, "3": 0.03666666666666667, "4": 0.07666666666666666, "5": 0.15666666666666668, "6": 0.3016666666666667, "7": 0.49666666666666665, "8": 0.705, "9": 0.8866666666666667, "10": 0.98, "11": 0.9883333333333333, "12": 0.99, "13": 0.99}
{"0": 0.0016666666666666668, "1": 0.006666666666666667, "2": 0.016666666666666666, "3": 0.03666666666666667, "4": 0.075, "5": 0.14666666666666667, "6": 0.2783333333333333, "7": 0.4816666666666667, "8": 0.73, "9": 0.93, "10": 0.9883333333333333, "11": 0.99, "12": 0.99}
{"0": 0.0016666666666666668, "1": 0.006666666666666667, "2": 0.016666666666666666, "3": 0.03666666666666667, "4": 0.07666666666666666, "5": 0.14833333333333334, "6": 0.2733333333333333, "7": 0.46166666666666667, "8": 0.7, "9": 0.8883333333333333, "10": 0.97, "11": 0.99, "12": 0.99}
{"0": 0.0016666666666666668, "1": 0.006666666666666667, "2": 0.016666666666666666, "3": 0.03666666666666667, "4": 0.075, "5": 0.145, "6": 0.265, "7": 0.47, "8": 0.7066666666666667, "9": 0.905, "10": 0.9783333333333334, "11": 0.99, "12": 0.99}
{"0": 0.0016666666666666668, "1": 0.006666666666666667, "2": 0.016666666666666666, "3": 0.03666666666666667, "4": 0.07666666666666666, "5": 0.15333333333333332, "6": 0.2783333333333333, "7": 0.4683333333333333, "8": 0.715, "9": 0.9166666666666666, "10": 0.985, "11": 0.9883333333333333, "12": 0.9883333333333333}
{"0": 0.0016666666666666668, "1": 0.006666666666666667, "2": 0.016666666666666666, "3": 0.03666666666666667, "4": 0.07666666666666666, "5": 0.155, "6": 0.2916666666666667, "7": 0.485, "8": 0.695, "9": 0.875, "10": 0.9683333333333334, "11": 0.985, "12": 0.9866666666666667, "13": 0.9866666666666667}
{"0": 0.0016666666666666668, "1": 0.006666666666666667, "2": 0.016666666666666666, "3": 0.03666666666666667, "4": 0.07333333333333333, "5": 0.14, "6": 0.2633333333333333, "7": 0.455, "8": 0.685, "9": 0.8966666666666666, "10": 0.9816666666666667, "11": 0.985, "12": 0.985}
{"0": 0.0016666666666666668, "1": 0.006666666666666667, "2": 0.016666666666666666, "3": 0.03666666666666667, "4": 0.07666666666666666, "5": 0.15333333333333332, "6": 0.295, "7": 0.515, "8": 0.7916666666666666, "9": 0.9466666666666667, "10": 0.985, "11": 0.985}
{"0": 0.0016666666666666668, "1": 0.006666666666666667, "2": 0.015, "3": 0.03166666666666667, "4": 0.065, "5": 0.12666666666666668, "6": 0.245, "7": 0.43166666666666664, "8": 0.6433333333333333, "9": 0.8666666666666667, "10": 0.96, "11": 0.9833333333333333, "12": 0.985, "13": 0.985}
{"0": 0.0016666666666666668, "1": 0.006666666666666667, "2": 0.016666666666666666, "3": 0.03666666666666667, "4": 0.075, "5": 0.145, "6": 0.26666666666666666, "7": 0.445, "8": 0.66, "9": 0.8616666666666667, "10": 0.97, "11": 0.9816666666666667, "12": 0.9816666666666667}
{"0": 0.0016666666666666668, "1": 0.006666666666666667, "2": 0.016666666666666666, "3": 0.03666666666666667, "4": 0.075, "5": 0.14166666666666666, "6": 0.26, "7": 0.455, "8": 0.6983333333333334, "9": 0.89, "10": 0.97, "11": 0.9816666666666667, "12": 0.9816666666666667}
{"0": 0.0016666666666666668, "1": 0.006666666666666667, "2": 0.016666666666666666, "3": 0.03666666666666667, "4": 0.07166666666666667, "5": 0.13166666666666665, "6": 0.23333333333333334, "7": 0.39, "8": 0.6183333333333333, "9": 0.8516666666666667, "10": 0.9633333333333334, "11": 0.9816666666666667, "12": 0.9816666666666667}
{"0": 0.0016666666666666668, "1": 0.006666666666666667, "2": 0.016666666666666666, "3": 0.035, "4": 0.06833333333333333, "5": 0.13333333333333333, "6": 0.24833333333333332, "7": 0.41833333333333333, "8": 0.6366666666666667, "9": 0.8566666666666667, "10": 0.9633333333333334, "11": 0.9816666666666667, "12": 0.9816666666666667}
{"0": 0.0016666666666666668, "1": 0.006666666666666667, "2": 0.016666666666666666, "3": 0.03666666666666667, "4": 0.075, "5": 0.14666666666666667, "6": 0.2733333333333333, "7": 0.4716666666666667, "8": 0.7066666666666667, "9": 0.8933333333333333, "10": 0.97, "11": 0.9816666666666667, "12": 0.9816666666666667}
{"0": 0.0016666666666666668, "1": 0.006666666666666667, "2": 0.016666666666666666, "3": 0.03666666666666667, "4": 0.075, "5": 0.14333333333333334, "6": 0.265, "7": 0.45166666666666666, "8": 0.695, "9": 0.895, "10": 0.975, "11": 0.9816666666666667, "12": 0.9816666666666667}
{"0": 0.0016666666666666668, "1": 0.006666666666666667, "2": 0.016666666666666666, "3": 0.03666666666666667, "4": 0.07333333333333333, "5": 0.14333333333333334, "6": 0.26166666666666666, "7": 0.45166666666666666, "8": 0.6983333333333334, "9": 0.8933333333333333, "10": 0.9683333333333334, "11": 0.98, "12": 0.98}
{"0": 0.0016666666666666668, "1": 0.006666666666666667, "2": 0.016666666666666666, "3": 0.035, "4": 0.07, "5": 0.13666666666666666, "6": 0.24666666666666667, "7": 0.4266666666666667, "8": 0.6566666666666666, "9": 0.8616666666666667, "10": 0.9583333333333334, "11": 0.98, "12": 0.98}
{"0": 0.0016666666666666668, "1": 0.006666666666666667, "2": 0.016666666666666666, "3": 0.03666666666666667, "4": 0.075, "5": 0.14, "6": 0.24666666666666667, "7": 0.405, "8": 0.6383333333333333, "9": 0.8483333333333334, "10": 0.9583333333333334, "11": 0.9783333333333334, "12": 0.98, "13": 0.98}
{"0": 0.0016666666666666668, "1": 0.006666666666666667, "2": 0.016666666666666666, "3": 0.035, "4": 0.07166666666666667, "5": 0.13833333333333334, "6": 0.25666666666666665, "7": 0.44333333333333336, "8": 0.6866666666666666, "9": 0.8666666666666667, "10": 0.9583333333333334, "11": 0.9783333333333334, "12": 0.9783333333333334}
{"0": 0.0016666666666666668, "1": 0.006666666666666667, "2": 0.016666666666666666, "3": 0.035, "4": 0.07, "5": 0.13833333333333334, "6": 0.26166666666666666, "7": 0.45666666666666667, "8": 0.6866666666666666, "9": 0.8983333333333333, "10": 0.9683333333333334, "11": 0.975, "12": 0.975}
{"0": 0.0016666666666666668, "1": 0.006666666666666667, "2": 0.016666666666666666, "3": 0.03333333333333333, "4": 0.065, "5": 0.125, "6": 0.23833333333333334, "7": 0.4216666666666667, "8": 0.6466666666666666, "9": 0.8583333333333333, "10": 0.9583333333333334, "11": 0.9733333333333334, "12": 0.975, "13": 0.975}
{"0": 0.0016666666666666668, "1": 0.006666666666666667, "2": 0.016666666666666666, "3": 0.03666666666666667, "4": 0.07, "5": 0.13, "6": 0.22333333333333333, "7": 0.37666666666666665, "8": 0.59, "9": 0.8233333333333334, "10": 0.9433333333333334, "11": 0.9716666666666667, "12": 0.975, "13": 0.975}
{"0": 0.0016666666666666668, "1": 0.006666666666666667, "2": 0.016666666666666666, "3": 0.035, "4": 0.07, "5": 0.13666666666666666, "6": 0.25666666666666665, "7": 0.42833333333333334, "8": 0.65, "9": 0.8733333333333333, "10": 0.9633333333333334, "11": 0.975, "12": 0.975}
{"0": 0.0016666666666666668, "1": 0.006666666666666667, "2": 0.016666666666666666, "3": 0.035, "4": 0.07166666666666667, "5": 0.14166666666666666, "6": 0.26166666666666666, "7": 0.445, "8": 0.6816666666666666, "9": 0.875, "10": 0.9683333333333334, "11": 0.975, "12": 0.975}
{"0": 0.0016666666666666668, "1": 0.006666666666666667, "2": 0.016666666666666666, "3": 0.03666666666666667, "4": 0.07666666666666666, "5": 0.15166666666666667, "6": 0.2783333333333333, "7": 0.465, "8": 0.6916666666666667, "9": 0.8833333333333333, "10": 0.9683333333333334, "11": 0.975, "12": 0.975}
{"0": 0.0016666666666666668, "1": 0.006666666666666667, "2": 0.015, "3": 0.03, "4": 0.06, "5": 0.11666666666666667, "6": 0.215, "7": 0.3566666666666667, "8": 0.5666666666666667, "9": 0.7866666666666666, "10": 0.935, "11": 0.9733333333333334, "12": 0.975, "13": 0.975}
{"0": 0.0016666666666666668, "1": 0.006666666666666667, "2": 0.016666666666666666, "3": 0.03666666666666667, "4": 0.075, "5": 0.14833333333333334, "6": 0.2733333333333333, "7": 0.4633333333333333, "8": 0.7, "9": 0.895, "10": 0.9683333333333334, "11": 0.9733333333333334, "12": 0.9733333333333334}
{"0": 0.0016666666666666668, "1": 0.006666666666666667, "2": 0.016666666666666666, "3": 0.03666666666666667, "4": 0.075, "5": 0.14666666666666667, "6": 0.2683333333333333, "7": 0.44666666666666666, "8": 0.675, "9": 0.885, "10": 0.9633333333333334, "11": 0.9716666666666667, "12": 0.9733333333333334, "13": 0.9733333333333334}
{"0": 0.0016666666666666668, "1": 0.006666666666666667, "2": 0.016666666666666666, "3": 0.03666666666666667, "4": 0.07666666666666666, "5": 0.14666666666666667, "6": 0.2683333333333333, "7": 0.46166666666666667, "8": 0.7033333333333334, "9": 0.8866666666666667, "10": 0.965, "11": 0.9733333333333334, "12": 0.9733333333333334}
{"0": 0.0016666666666666668, "1": 0.006666666666666667, "2": 0.016666666666666666, "3": 0.03666666666666667, "4": 0.07333333333333333, "5": 0.14, "6": 0.25666666666666665, "7": 0.43833333333333335, "8": 0.6683333333333333, "9": 0.855, "10": 0.955, "11": 0.9733333333333334, "12": 0.9733333333333334}
{"0": 0.0016666666666666668, "1": 0.006666666666666667, "2": 0.016666666666666666, "3": 0.03666666666666667, "4": 0.07166666666666667, "5": 0.13333333333333333, "6": 0.24333333333333335, "7": 0.42833333333333334, "8": 0.6616666666666666, "9": 0.88, "10": 0.9616666666666667, "11": 0.9683333333333334, "12": 0.9683333333333334}
{"0": 0.0016666666666666668, "1": 0.006666666666666667, "2": 0.016666666666666666, "3": 0.03666666666666667, "4": 0.075, "5": 0.14666666666666667, "6": 0.265, "7": 0.43666666666666665, "8": 0.6483333333333333, "9": 0.8466666666666667, "10": 0.955, "11": 0.9666666666666667, "12": 0.9666666666666667}
{"0": 0.0016666666666666668, "1": 0.006666666666666667, "2": 0.016666666666666666, "3": 0.03666666666666667, "4": 0.07666666666666666, "5": 0.14833333333333334, "6": 0.27166666666666667, "7": 0.46, "8": 0.6916666666666667, "9": 0.9016666666666666, "10": 0.9616666666666667, "11": 0.9666666666666667, "12": 0.9666666666666667}
{"0": 0.0016666666666666668, "1": 0.006666666666666667, "2": 0.016666666666666666, "3": 0.03666666666666667, "4": 0.075, "5": 0.14833333333333334, "6": 0.2783333333333333, "7": 0.4766666666666667, "8": 0.7116666666666667, "9": 0.8916666666666667, "10": 0.9633333333333334, "11": 0.9666666666666667, "12": 0.9666666666666667}
{"0": 0.0016666666666666668, "1": 0.006666666666666667, "2": 0.016666666666666666, "3": 0.03666666666666667, "4": 0.07333333333333333, "5": 0.13833333333333334, "6": 0.25333333333333335, "7": 0.41833333333333333, "8": 0.6233333333333333, "9": 0.84, "10": 0.945, "11": 0.965, "12": 0.965}
{"0": 0.0016666666666666668, "1": 0.006666666666666667, "2": 0.016666666666666666, "3": 0.03666666666666667, "4": 0.07666666666666666, "5": 0.14666666666666667, "6": 0.2683333333333333, "7": 0.4633333333333333, "8": 0.6866666666666666, "9": 0.8633333333333333, "10": 0.94, "11": 0.9616666666666667, "12": 0.965, "13": 0.965}
{"0": 0.0016666666666666668, "1": 0.006666666666666667, "2": 0.016666666666666666, "3": 0.03333333333333333, "4": 0.06666666666666667, "5": 0.125, "6": 0.23, "7": 0.4033333333333333, "8": 0.64, "9": 0.86, "10": 0.9516666666666667, "11": 0.965, "12": 0.965}
{"0": 0.0016666666666666668, "1": 0.006666666666666667, "2": 0.016666666666666666, "3": 0.03666666666666667, "4": 0.075, "5": 0.13666666666666666, "6": 0.24166666666666667, "7": 0.4, "8": 0.61, "9": 0.82, "10": 0.94, "11": 0.9633333333333334, "12": 0.965, "13": 0.965}
{"0": 0.0016666666666666668, "1": 0.006666666666666667, "2": 0.016666666666666666, "3": 0.03666666666666667, "4": 0.075, "5": 0.145, "6": 0.26666666666666666, "7": 0.455, "8": 0.6816666666666666, "9": 0.89, "10": 0.95, "11": 0.9633333333333334, "12": 0.965, "13": 0.965}
{"0": 0.0016666666666666668, "1": 0.005, "2": 0.01, "3": 0.02, "4": 0.03833333333333333, "5": 0.07333333333333333, "6": 0.14, "7": 0.25666666666666665, "8": 0.43333333333333335, "9": 0.6866666666666666, "10": 0.8866666666666667, "11": 0.9566666666666667, "12": 0.9633333333333334, "13": 0.9633333333333334}
{"0": 0.0016666666666666668, "1": 0.006666666666666667, "2": 0.016666666666666666, "3": 0.03666666666666667, "4": 0.075, "5": 0.14333333333333334, "6": 0.2633333333333333, "7": 0.44666666666666666, "8": 0.6683333333333333, "9": 0.8783333333333333, "10": 0.945, "11": 0.9583333333333334, "12": 0.96, "13": 0.96}
{"0": 0.0016666666666666668, "1": 0.005, "2": 0.011666666666666667, "3": 0.023333333333333334, "4": 0.043333333333333335, "5": 0.07666666666666666, "6": 0.13666666666666666, "7": 0.23333333333333334, "8": 0.4, "9": 0.62, "10": 0.8366666666666667, "11": 0.9383333333333334, "12": 0.9583333333333334, "13": 0.96, "14": 0.96}
{"0": 0.0016666666666666668, "1": 0.006666666666666667, "2": 0.016666666666666666, "3": 0.03666666666666667, "4": 0.07666666666666666, "5": 0.15166666666666667, "6": 0.27, "7": 0.45166666666666666, "8": 0.6516666666666666, "9": 0.8283333333333334, "10": 0.9266666666666666, "11": 0.9583333333333334, "12": 0.96, "13": 0.96}
{"0": 0.0016666666666666668, "1": 0.006666666666666667, "2": 0.015, "3": 0.03166666666666667, "4": 0.06166666666666667, "5": 0.115, "6": 0.20666666666666667, "7": 0.3566666666666667, "8": 0.5583333333333333, "9": 0.795, "10": 0.92, "11": 0.955, "12": 0.9583333333333334, "13": 0.96, "14": 0.96}
{"0": 0.0016666666666666668, "1": 0.006666666666666667, "2": 0.016666666666666666, "3": 0.03666666666666667, "4": 0.075, "5": 0.13666666666666666, "6": 0.24, "7": 0.395, "8": 0.605, "9": 0.8133333333333334, "10": 0.9316666666666666, "11": 0.955, "12": 0.9566666666666667, "13": 0.9566666666666667}
{"0": 0.0016666666666666668, "1": 0.006666666666666667, "2": 0.016666666666666666, "3": 0.035, "4": 0.07, "5": 0.13666666666666666, "6": 0.25333333333333335, "7": 0.43166666666666664, "8": 0.65, "9": 0.8483333333333334, "10": 0.945, "11": 0.9533333333333334, "12": 0.955, "13": 0.955}
{"0": 0.0016666666666666668, "1": 0.006666666666666667, "2": 0.016666666666666666, "3": 0.03666666666666667, "4": 0.07666666666666666, "5": 0.14166666666666666, "6": 0.26, "7": 0.44, "8": 0.67, "9": 0.8683333333333333, "10": 0.9416666666666667, "11": 0.955, "12": 0.955}
{"0": 0.0016666666666666668, "1": 0.006666666666666667, "2": 0.016666666666666666, "3": 0.03666666666666667, "4": 0.075, "5": 0.14666666666666667, "6": 0.27666666666666667, "7": 0.48833333333333334, "8": 0.725, "9": 0.895, "10": 0.9516666666666667, "11": 0.955, "12": 0.955}
{"0": 0.0016666666666666668, "1": 0.006666666666666667, "2": 0.016666666666666666, "3": 0.035, "4": 0.06833333333333333, "5": 0.12666666666666668, "6": 0.22, "7": 0.36666666666666664, "8": 0.58, "9": 0.8016666666666666, "10": 0.9283333333333333, "11": 0.9483333333333334, "12": 0.955, "13": 0.955}
{"0": 0.0016666666666666668, "1": 0.006666666666666667, "2": 0.015, "3": 0.03, "4": 0.056666666666666664, "5": 0.11, "6": 0.20333333333333334, "7": 0.35333333333333333, "8": 0.5583333333333333, "9": 0.7666666666666667, "10": 0.9066666666666666, "11": 0.9483333333333334, "12": 0.955, "13": 0.955}
{"0": 0.0016666666666666668, "1": 0.005, "2": 0.011666666666666667, "3": 0.025, "4": 0.051666666666666666, "5": 0.10333333333333333, "6": 0.18666666666666668, "7": 0.33166666666666667, "8": 0.53, "9": 0.7416666666666667, "10": 0.8966666666666666, "11": 0.9533333333333334, "12": 0.955, "13": 0.955}
{"0": 0.0016666666666666668, "1": 0.006666666666666667, "2": 0.016666666666666666, "3": 0.03666666666666667, "4": 0.07666666666666666, "5": 0.14833333333333334, "6": 0.27166666666666667, "7": 0.4633333333333333, "8": 0.6783333333333333, "9": 0.8633333333333333, "10": 0.9433333333333334, "11": 0.9533333333333334, "12": 0.9533333333333334}
{"0": 0.0016666666666666668, "1": 0.006666666666666667, "2": 0.016666666666666666, "3": 0.03666666666666667, "4": 0.07333333333333333, "5": 0.135, "6": 0.24333333333333335, "7": 0.4166666666666667, "8": 0.6466666666666666, "9": 0.8616666666666667, "10": 0.9433333333333334, "11": 0.9533333333333334, "12": 0.9533333333333334}
{"0": 0.0016666666666666668, "1": 0.006666666666666667, "2": 0.016666666666666666, "3": 0.03666666666666667, "4": 0.07333333333333333, "5": 0.14333333333333334, "6": 0.2683333333333333, "7": 0.45666666666666667, "8": 0.6933333333333334, "9": 0.8783333333333333, "10": 0.94, "11": 0.9533333333333334, "12": 0.9533333333333334}
{"0": 0.0016666666666666668, "1": 0.006666666666666667, "2": 0.016666666666666666, "3": 0.035, "4": 0.07166666666666667, "5": 0.14, "6": 0.26, "7": 0.44666666666666666, "8": 0.6783333333333333, "9": 0.8683333333333333, "10": 0.9433333333333334, "11": 0.9516666666666667, "12": 0.9533333333333334, "13": 0.9533333333333334}
{"0": 0.0016666666666666668, "1": 0.006666666666666667, "2": 0.016666666666666666, "3": 0.035, "4": 0.07, "5": 0.13166666666666665, "6": 0.24166666666666667, "7": 0.42, "8": 0.6533333333333333, "9": 0.8516666666666667, "10": 0.93, "11": 0.95, "12": 0.9516666666666667, "13": 0.9516666666666667}
{"0": 0.0016666666666666668, "1": 0.006666666666666667, "2": 0.016666666666666666, "3": 0.03666666666666667, "4": 0.07166666666666667, "5": 0.13333333333333333, "6": 0.245, "7": 0.41, "8": 0.6166666666666667, "9": 0.8033333333333333, "10": 0.9183333333333333, "11": 0.9516666666666667, "12": 0.9516666666666667}
{"0": 0.0016666666666666668, "1": 0.006666666666666667, "2": 0.016666666666666666, "3": 0.03666666666666667, "4": 0.07166666666666667, "5": 0.135, "6": 0.25166666666666665, "7": 0.435, "8": 0.66, "9": 0.845, "10": 0.9333333333333333, "11": 0.95, "12": 0.9516666666666667, "13": 0.9516666666666667}
{"0": 0.0016666666666666668, "1": 0.006666666666666667, "2": 0.015, "3": 0.03166666666666667, "4": 0.06333333333333334, "5": 0.12166666666666667, "6": 0.23, "7": 0.39, "8": 0.61, "9": 0.81, "10": 0.93, "11": 0.9516666666666667, "12": 0.9516666666666667}
{"0": 0.0016666666666666668, "1": 0.006666666666666667, "2": 0.015, "3": 0.03, "4": 0.056666666666666664, "5": 0.11, "6": 0.20333333333333334, "7": 0.3516666666666667, "8": 0.5533333333333333, "9": 0.76, "10": 0.9, "11": 0.9433333333333334, "12": 0.95, "13": 0.95}
{"0": 0.0016666666666666668, "1": 0.006666666666666667, "2": 0.016666666666666666, "3": 0.03666666666666667, "4": 0.07166666666666667, "5": 0.13666666666666666, "6": 0.25166666666666665, "7": 0.42333333333333334, "8": 0.64, "9": 0.8316666666666667, "10": 0.9283333333333333, "11": 0.9483333333333334, "12": 0.9483333333333334}
{"0": 0.0016666666666666668, "1": 0.006666666666666667, "2": 0.015, "3": 0.03, "4": 0.058333333333333334, "5": 0.11166666666666666, "6": 0.20666666666666667, "7": 0.36666666666666664, "8": 0.5766666666666667, "9": 0.785, "10": 0.92, "11": 0.9433333333333334, "12": 0.9483333333333334, "13": 0.9483333333333334}
{"0": 0.0016666666666666668, "1": 0.005, "2": 0.011666666666666667, "3": 0.025, "4": 0.05, "5": 0.095, "6": 0.16666666666666666, "7": 0.285, "8": 0.465, "9": 0.6916666666666667, "10": 0.875, "11": 0.9366666666666666, "12": 0.9466666666666667, "13": 0.9466666666666667}
{"0": 0.0016666666666666668, "1": 0.005, "2": 0.011666666666666667, "3": 0.023333333333333334, "4": 0.045, "5": 0.08666666666666667, "6": 0.15833333333333333, "7": 0.28, "8": 0.45166666666666666, "9": 0.6683333333333333, "10": 0.8533333333333334, "11": 0.9283333333333333, "12": 0.945, "13": 0.945}
0
{"0": 0.0016666666666666668, "1": 0.006666666666666667, "2": 0.016666666666666666, "3": 0.03666666666666667, "4": 0.06833333333333333, "5": 0.125, "6": 0.22833333333333333, "7": 0.385, "8": 0.6016666666666667, "9": 0.8066666666666666, "10": 0.92, "11": 0.945, "12": 0.945}
{"0": 0.0016666666666666668, "1": 0.006666666666666667, "2": 0.016666666666666666, "3": 0.03666666666666667, "4": 0.07333333333333333, "5": 0.14333333333333334, "6": 0.26, "7": 0.43666666666666665, "8": 0.66, "9": 0.8416666666666667, "10": 0.9283333333333333, "11": 0.9433333333333334, "12": 0.945, "13": 0.945}
{"0": 0.0016666666666666668, "1": 0.006666666666666667, "2": 0.015, "3": 0.03, "4": 0.06, "5": 0.11, "6": 0.19833333333333333, "7": 0.335, "8": 0.5283333333333333, "9": 0.7333333333333333, "10": 0.8933333333333333, "11": 0.945, "12": 0.945}
{"0": 0.0016666666666666668, "1": 0.006666666666666667, "2": 0.016666666666666666, "3": 0.035, "4": 0.06666666666666667, "5": 0.12333333333333334, "6": 0.22, "7": 0.36333333333333334, "8": 0.5633333333333334, "9": 0.7566666666666667, "10": 0.895, "11": 0.9383333333333334, "12": 0.9433333333333334, "13": 0.9433333333333334}
{"0": 0.0016666666666666668, "1": 0.006666666666666667, "2": 0.016666666666666666, "3": 0.035, "4": 0.06666666666666667, "5": 0.12166666666666667, "6": 0.21833333333333332, "7": 0.37833333333333335, "8": 0.5966666666666667, "9": 0.8166666666666667, "10": 0.9266666666666666, "11": 0.9416666666666667, "12": 0.9416666666666667}
{"0": 0.0016666666666666668, "1": 0.006666666666666667, "2": 0.016666666666666666, "3": 0.035, "4": 0.06833333333333333, "5": 0.12833333333333333, "6": 0.22333333333333333, "7": 0.3616666666666667, "8": 0.555, "9": 0.77, "10": 0.8983333333333333, "11": 0.93, "12": 0.9383333333333334, "13": 0.9383333333333334}
{"0": 0.0016666666666666668, "1": 0.006666666666666667, "2": 0.016666666666666666, "3": 0.035, "4": 0.07, "5": 0.13666666666666666, "6": 0.24666666666666667, "7": 0.41333333333333333, "8": 0.6166666666666667, "9": 0.81, "10": 0.9116666666666666, "11": 0.9333333333333333, "12": 0.9333333333333333}
{"0": 0.0016666666666666668, "1": 0.006666666666666667, "2": 0.015, "3": 0.03, "4": 0.06, "5": 0.115, "6": 0.20833333333333334, "7": 0.35333333333333333, "8": 0.555, "9": 0.7633333333333333, "10": 0.8933333333333333, "11": 0.9316666666666666, "12": 0.9316666666666666}
{"0": 0.0016666666666666668, "1": 0.005, "2": 0.01, "3": 0.018333333333333333, "4": 0.035, "5": 0.065, "6": 0.11833333333333333, "7": 0.21166666666666667, "8": 0.36333333333333334, "9": 0.5533333333333333, "10": 0.755, "11": 0.8783333333333333, "12": 0.925, "13": 0.9283333333333333, "14": 0.93, "15": 0.93}
{"0": 0.0016666666666666668, "1": 0.006666666666666667, "2": 0.016666666666666666, "3": 0.03666666666666667, "4": 0.07333333333333333, "5": 0.135, "6": 0.25, "7": 0.425, "8": 0.6516666666666666, "9": 0.8416666666666667, "10": 0.9183333333333333, "11": 0.9266666666666666, "12": 0.9266666666666666}
{"0": 0.0016666666666666668, "1": 0.006666666666666667, "2": 0.015, "3": 0.03, "4": 0.06, "5": 0.11333333333333333, "6": 0.20166666666666666, "7": 0.345, "8": 0.545, "9": 0.7433333333333333, "10": 0.875, "11": 0.92, "12": 0.9266666666666666, "13": 0.9266666666666666}
{"0": 0.0016666666666666668, "1": 0.005, "2": 0.011666666666666667, "3": 0.025, "4": 0.04666666666666667, "5": 0.09, "6": 0.17166666666666666, "7": 0.2916666666666667, "8": 0.4683333333333333, "9": 0.68, "10": 0.86, "11": 0.9216666666666666, "12": 0.9266666666666666, "13": 0.9266666666666666}
{"0": 0.0016666666666666668, "1": 0.006666666666666667, "2": 0.015, "3": 0.03166666666666667, "4": 0.06333333333333334, "5": 0.12333333333333334, "6": 0.22833333333333333, "7": 0.395, "8": 0.605, "9": 0.785, "10": 0.8966666666666666, "11": 0.9233333333333333, "12": 0.925, "13": 0.925}
{"0": 0.0016666666666666668, "1": 0.0033333333333333335, "2": 0.006666666666666667, "3": 0.013333333333333334, "4": 0.025, "5": 0.043333333333333335, "6": 0.07833333333333334, "7": 0.14166666666666666, "8": 0.25333333333333335, "9": 0.415, "10": 0.6183333333333333, "11": 0.8083333333333333, "12": 0.89, "13": 0.92, "14": 0.9233333333333333, "15": 0.9233333333333333}
{"0": 0.0016666666666666668, "1": 0.006666666666666667, "2": 0.015, "3": 0.03166666666666667, "4": 0.06166666666666667, "5": 0.115, "6": 0.21166666666666667, "7": 0.355, "8": 0.56, "9": 0.755, "10": 0.8733333333333333, "11": 0.9166666666666666, "12": 0.92, "13": 0.92}
{"0": 0.0016666666666666668, "1": 0.006666666666666667, "2": 0.016666666666666666, "3": 0.03166666666666667, "4": 0.056666666666666664, "5": 0.09833333333333333, "6": 0.16166666666666665, "7": 0.26166666666666666, "8": 0.405, "9": 0.61, "10": 0.7916666666666666, "11": 0.8833333333333333, "12": 0.905, "13": 0.9133333333333333, "14": 0.9166666666666666, "15": 0.9166666666666666}
{"0": 0.0016666666666666668, "1": 0.006666666666666667, "2": 0.016666666666666666, "3": 0.03666666666666667, "4": 0.07166666666666667, "5": 0.13666666666666666, "6": 0.24833333333333332, "7": 0.4216666666666667, "8": 0.6416666666666667, "9": 0.8166666666666667, "10": 0.8933333333333333, "11": 0.9133333333333333, "12": 0.9166666666666666, "13": 0.9166666666666666}
{"0": 0.0016666666666666668, "1": 0.006666666666666667, "2": 0.015, "3": 0.03, "4": 0.056666666666666664, "5": 0.09666666666666666, "6": 0.16333333333333333, "7": 0.2783333333333333, "8": 0.455, "9": 0.6433333333333333, "10": 0.8, "11": 0.8883333333333333, "12": 0.9116666666666666, "13": 0.915, "14": 0.915}
{"0": 0.0016666666666666668, "1": 0.006666666666666667, "2": 0.015, "3": 0.03, "4": 0.058333333333333334, "5": 0.11166666666666666, "6": 0.19333333333333333, "7": 0.32, "8": 0.5116666666666667, "9": 0.7, "10": 0.8366666666666667, "11": 0.895, "12": 0.9116666666666666, "13": 0.915, "14": 0.915}
{"0": 0.0016666666666666668, "1": 0.006666666666666667, "2": 0.013333333333333334, "3": 0.02666666666666667, "4": 0.04666666666666667, "5": 0.08333333333333333, "6": 0.14166666666666666, "7": 0.22666666666666666, "8": 0.36333333333333334, "9": 0.5366666666666666, "10": 0.715, "11": 0.86, "12": 0.9083333333333333, "13": 0.915, "14": 0.915}
{"0": 0.0016666666666666668, "1": 0.006666666666666667, "2": 0.016666666666666666, "3": 0.03666666666666667, "4": 0.07166666666666667, "5": 0.135, "6": 0.24166666666666667, "7": 0.4066666666666667, "8": 0.6133333333333333, "9": 0.8033333333333333, "10": 0.885, "11": 0.9083333333333333, "12": 0.915, "13": 0.915}
{"0": 0.0016666666666666668, "1": 0.006666666666666667, "2": 0.016666666666666666, "3": 0.03333333333333333, "4": 0.06333333333333334, "5": 0.12, "6": 0.21166666666666667, "7": 0.355, "8": 0.5516666666666666, "9": 0.7566666666666667, "10": 0.8766666666666667, "11": 0.9116666666666666, "12": 0.9133333333333333, "13": 0.915, "14": 0.915}
{"0": 0.0016666666666666668, "1": 0.005, "2": 0.011666666666666667, "3": 0.021666666666666667, "4": 0.03833333333333333, "5": 0.065, "6": 0.11333333333333333, "7": 0.19, "8": 0.31333333333333335, "9": 0.48333333333333334, "10": 0.6516666666666666, "11": 0.7933333333333333, "12": 0.8816666666666667, "13": 0.905, "14": 0.9133333333333333, "15": 0.9133333333333333}
{"0": 0.0016666666666666668, "1": 0.005, "2": 0.01, "3": 0.02, "4": 0.03833333333333333, "5": 0.07166666666666667, "6": 0.125, "7": 0.21333333333333335, "8": 0.3566666666666667, "9": 0.5483333333333333, "10": 0.7266666666666667, "11": 0.845, "12": 0.9, "13": 0.91, "14": 0.9133333333333333, "15": 0.9133333333333333}
{"0": 0.0016666666666666668, "1": 0.006666666666666667, "2": 0.015, "3": 0.03, "4": 0.051666666666666666, "5": 0.09166666666666666, "6": 0.16166666666666665, "7": 0.27, "8": 0.44666666666666666, "9": 0.6516666666666666, "10": 0.8216666666666667, "11": 0.8966666666666666, "12": 0.9083333333333333, "13": 0.9133333333333333, "14": 0.9133333333333333}
{"0": 0.0016666666666666668, "1": 0.006666666666666667, "2": 0.016666666666666666, "3": 0.035, "4": 0.07, "5": 0.13666666666666666, "6": 0.24166666666666667, "7": 0.39166666666666666, "8": 0.5633333333333334, "9": 0.7383333333333333, "10": 0.8583333333333333, "11": 0.8966666666666666, "12": 0.9083333333333333, "13": 0.9116666666666666, "14": 0.9116666666666666}
{"0": 0.0016666666666666668, "1": 0.006666666666666667, "2": 0.015, "3": 0.02666666666666667, "4": 0.04666666666666667, "5": 0.08333333333333333, "6": 0.14666666666666667, "7": 0.25666666666666665, "8": 0.425, "9": 0.6216666666666667, "10": 0.7883333333333333, "11": 0.8766666666666667, "12": 0.9, "13": 0.905, "14": 0.9083333333333333, "15": 0.9116666666666666, "16": 0.9116666666666666}
{"0": 0.0016666666666666668, "1": 0.006666666666666667, "2": 0.015, "3": 0.03, "4": 0.055, "5": 0.095, "6": 0.17, "7": 0.2966666666666667, "8": 0.45666666666666667, "9": 0.635, "10": 0.795, "11": 0.87, "12": 0.9016666666666666, "13": 0.9116666666666666, "14": 0.9116666666666666}
{"0": 0.0016666666666666668, "1": 0.006666666666666667, "2": 0.015, "3": 0.03, "4": 0.06, "5": 0.115, "6": 0.21333333333333335, "7": 0.37166666666666665, "8": 0.5816666666666667, "9": 0.7733333333333333, "10": 0.8783333333333333, "11": 0.9066666666666666, "12": 0.9083333333333333, "13": 0.9116666666666666, "14": 0.9116666666666666}
{"0": 0.0016666666666666668, "1": 0.006666666666666667, "2": 0.015, "3": 0.028333333333333332, "4": 0.05333333333333334, "5": 0.1, "6": 0.18333333333333332, "7": 0.32166666666666666, "8": 0.5016666666666667, "9": 0.6933333333333334, "10": 0.835, "11": 0.895, "12": 0.9116666666666666, "13": 0.9116666666666666}
{"0": 0.0016666666666666668, "1": 0.006666666666666667, "2": 0.015, "3": 0.03166666666666667, "4": 0.06166666666666667, "5": 0.115, "6": 0.20333333333333334, "7": 0.3466666666666667, "8": 0.5333333333333333, "9": 0.72, "10": 0.8533333333333334, "11": 0.89, "12": 0.9016666666666666, "13": 0.9083333333333333, "14": 0.9116666666666666, "15": 0.9116666666666666}
{"0": 0.0016666666666666668, "1": 0.005, "2": 0.011666666666666667, "3": 0.02, "4": 0.03333333333333333, "5": 0.055, "6": 0.095, "7": 0.16333333333333333, "8": 0.2816666666666667, "9": 0.45166666666666666, "10": 0.65, "11": 0.8, "12": 0.885, "13": 0.91, "14": 0.91}
{"0": 0.0016666666666666668, "1": 0.006666666666666667, "2": 0.016666666666666666, "3": 0.035, "4": 0.06833333333333333, "5": 0.12, "6": 0.21166666666666667, "7": 0.34833333333333333, "8": 0.5116666666666667, "9": 0.695, "10": 0.8316666666666667, "11": 0.8883333333333333, "12": 0.9066666666666666, "13": 0.91, "14": 0.91}
{"0": 0.0016666666666666668, "1": 0.006666666666666667, "2": 0.016666666666666666, "3": 0.03666666666666667, "4": 0.07, "5": 0.12166666666666667, "6": 0.21166666666666667, "7": 0.3433333333333333, "8": 0.52, "9": 0.7, "10": 0.8316666666666667, "11": 0.895, "12": 0.9083333333333333, "13": 0.9083333333333333}
{"0": 0.0016666666666666668, "1": 0.006666666666666667, "2": 0.013333333333333334, "3": 0.025, "4": 0.04, "5": 0.06666666666666667, "6": 0.11166666666666666, "7": 0.18833333333333332, "8": 0.315, "9": 0.49333333333333335, "10": 0.6933333333333334, "11": 0.8266666666666667, "12": 0.8883333333333333, "13": 0.9083333333333333, "14": 0.9083333333333333}
{"0": 0.0016666666666666668, "1": 0.005, "2": 0.01, "3": 0.02, "4": 0.04, "5": 0.07333333333333333, "6": 0.135, "7": 0.23166666666666666, "8": 0.38666666666666666, "9": 0.5783333333333334, "10": 0.765, "11": 0.875, "12": 0.9016666666666666, "13": 0.9083333333333333, "14": 0.9083333333333333}
{"0": 0.0016666666666666668, "1": 0.006666666666666667, "2": 0.015, "3": 0.03166666666666667, "4": 0.058333333333333334, "5": 0.10666666666666667, "6": 0.18333333333333332, "7": 0.3016666666666667, "8": 0.4766666666666667, "9": 0.6616666666666666, "10": 0.805, "11": 0.8816666666666667, "12": 0.905, "13": 0.905}
{"0": 0.0016666666666666668, "1": 0.006666666666666667, "2": 0.015, "3": 0.028333333333333332, "4": 0.05333333333333334, "5": 0.10166666666666667, "6": 0.18833333333333332, "7": 0.3283333333333333, "8": 0.51, "9": 0.685, "10": 0.8216666666666667, "11": 0.8783333333333333, "12": 0.8966666666666666, "13": 0.9, "14": 0.9016666666666666, "15": 0.9016666666666666}
{"0": 0.0016666666666666668, "1": 0.006666666666666667, "2": 0.016666666666666666, "3": 0.035, "4": 0.06666666666666667, "5": 0.12, "6": 0.21, "7": 0.35, "8": 0.5233333333333333, "9": 0.7233333333333334, "10": 0.8516666666666667, "11": 0.8933333333333333, "12": 0.9016666666666666, "13": 0.9016666666666666}
{"0": 0.0016666666666666668, "1": 0.005, "2": 0.006666666666666667, "3": 0.01, "4": 0.016666666666666666, "5": 0.028333333333333332, "6": 0.04833333333333333, "7": 0.08, "8": 0.13, "9": 0.215, "10": 0.35833333333333334, "11": 0.525, "12": 0.705, "13": 0.8316666666666667, "14": 0.885, "15": 0.9, "16": 0.9}
{"0": 0.0016666666666666668, "1": 0.005, "2": 0.01, "3": 0.016666666666666666, "4": 0.03, "5": 0.055, "6": 0.09833333333333333, "7": 0.16333333333333333, "8": 0.275, "9": 0.42333333333333334, "10": 0.5716666666666667, "11": 0.7266666666666667, "12": 0.8316666666666667, "13": 0.8816666666666667, "14": 0.895, "15": 0.8966666666666666, "16": 0.8966666666666666}
{"0": 0.0016666666666666668, "1": 0.006666666666666667, "2": 0.016666666666666666, "3": 0.035, "4": 0.06666666666666667, "5": 0.11666666666666667, "6": 0.195, "7": 0.31166666666666665, "8": 0.4816666666666667, "9": 0.6566666666666666, "10": 0.8, "11": 0.8833333333333333, "12": 0.895, "13": 0.895}
0
{"0": 0.0016666666666666668, "1": 0.006666666666666667, "2": 0.016666666666666666, "3": 0.035, "4": 0.06666666666666667, "5": 0.12, "6": 0.21, "7": 0.32666666666666666, "8": 0.485, "9": 0.68, "10": 0.8166666666666667, "11": 0.8716666666666667, "12": 0.8916666666666667, "13": 0.895, "14": 0.895}
{"0": 0.0016666666666666668, "1": 0.006666666666666667, "2": 0.016666666666666666, "3": 0.03666666666666667, "4": 0.075, "5": 0.13666666666666666, "6": 0.24, "7": 0.38666666666666666, "8": 0.565, "9": 0.7383333333333333, "10": 0.8533333333333334, "11": 0.885, "12": 0.8916666666666667, "13": 0.8933333333333333, "14": 0.8933333333333333}
{"0": 0.0016666666666666668, "1": 0.006666666666666667, "2": 0.015, "3": 0.02666666666666667, "4": 0.04666666666666667, "5": 0.07833333333333334, "6": 0.13666666666666666, "7": 0.22666666666666666, "8": 0.36, "9": 0.525, "10": 0.7066666666666667, "11": 0.8516666666666667, "12": 0.885, "13": 0.8916666666666667, "14": 0.8916666666666667}
0
0
{"0": 0.0016666666666666668, "1": 0.005, "2": 0.011666666666666667, "3": 0.025, "4": 0.04833333333333333, "5": 0.09, "6": 0.15666666666666668, "7": 0.26666666666666666, "8": 0.425, "9": 0.61, "10": 0.77, "11": 0.8666666666666667, "12": 0.8916666666666667, "13": 0.895, "14": 0.895}
{"0": 0.0016666666666666668, "1": 0.006666666666666667, "2": 0.016666666666666666, "3": 0.03666666666666667, "4": 0.06666666666666667, "5": 0.12166666666666667, "6": 0.21833333333333332, "7": 0.355, "8": 0.515, "9": 0.6833333333333333, "10": 0.8183333333333334, "11": 0.88, "12": 0.8933333333333333, "13": 0.895, "14": 0.895}
{"0": 0.0016666666666666668, "1": 0.005, "2": 0.011666666666666667, "3": 0.025, "4": 0.05, "5": 0.095, "6": 0.17333333333333334, "7": 0.29833333333333334, "8": 0.4683333333333333, "9": 0.66, "10": 0.8033333333333333, "11": 0.8716666666666667, "12": 0.89, "13": 0.8916666666666667, "14": 0.8933333333333333, "15": 0.8933333333333333}
{"0": 0.0016666666666666668, "1": 0.005, "2": 0.011666666666666667, "3": 0.023333333333333334, "4": 0.043333333333333335, "5": 0.07666666666666666, "6": 0.13166666666666665, "7": 0.22, "8": 0.34833333333333333, "9": 0.5, "10": 0.6683333333333333, "11": 0.795, "12": 0.8716666666666667, "13": 0.89, "14": 0.8916666666666667, "15": 0.8916666666666667}
{"0": 0.0016666666666666668, "1": 0.005, "2": 0.01, "3": 0.02, "4": 0.03666666666666667, "5": 0.06833333333333333, "6": 0.12333333333333334, "7": 0.20833333333333334, "8": 0.3433333333333333, "9": 0.5216666666666666, "10": 0.7133333333333334, "11": 0.8466666666666667, "12": 0.885, "13": 0.8883333333333333, "14": 0.89, "15": 0.8916666666666667, "16": 0.8916666666666667}
{"0": 0.0016666666666666668, "1": 0.006666666666666667, "2": 0.016666666666666666, "3": 0.03666666666666667, "4": 0.075, "5": 0.14666666666666667, "6": 0.25666666666666665, "7": 0.425, "8": 0.63, "9": 0.8016666666666666, "10": 0.8666666666666667, "11": 0.8883333333333333, "12": 0.89, "13": 0.89}
{"0": 0.0016666666666666668, "1": 0.006666666666666667, "2": 0.016666666666666666, "3": 0.03166666666666667, "4": 0.058333333333333334, "5": 0.10333333333333333, "6": 0.16833333333333333, "7": 0.27666666666666667, "8": 0.44166666666666665, "9": 0.62, "10": 0.7766666666666666, "11": 0.86, "12": 0.8866666666666667, "13": 0.89, "14": 0.89}
{"0": 0.0016666666666666668, "1": 0.006666666666666667, "2": 0.016666666666666666, "3": 0.03166666666666667, "4": 0.058333333333333334, "5": 0.10666666666666667, "6": 0.18833333333333332, "7": 0.3283333333333333, "8": 0.5166666666666667, "9": 0.6916666666666667, "10": 0.8166666666666667, "11": 0.8783333333333333, "12": 0.89, "13": 0.89}
0
